Board number : 1
1   0   0   0   0   0   0   0   
0   0   0   0   1   0   0   0   
0   0   0   0   0   0   0   1   
0   0   0   0   0   1   0   0   
0   0   1   0   0   0   0   0   
0   0   0   0   0   0   1   0   
0   1   0   0   0   0   0   0   
0   0   0   1   0   0   0   0   

Board number : 2
1   0   0   0   0   0   0   0   
0   0   0   0   0   1   0   0   
0   0   0   0   0   0   0   1   
0   0   1   0   0   0   0   0   
0   0   0   0   0   0   1   0   
0   0   0   1   0   0   0   0   
0   1   0   0   0   0   0   0   
0   0   0   0   1   0   0   0   

Board number : 3
1   0   0   0   0   0   0   0   
0   0   0   0   0   0   1   0   
0   0   0   1   0   0   0   0   
0   0   0   0   0   1   0   0   
0   0   0   0   0   0   0   1   
0   1   0   0   0   0   0   0   
0   0   0   0   1   0   0   0   
0   0   1   0   0   0   0   0   

Board number : 4
1   0   0   0   0   0   0   0   
0   0   0   0   0   0   1   0   
0   0   0   0   1   0   0   0   
0   0   0   0   0   0   0   1   
0   1   0   0   0   0   0   0   
0   0   0   1   0   0   0   0   
0   0   0   0   0   1   0   0   
0   0   1   0   0   0   0   0   

Board number : 5
0   1   0   0   0   0   0   0   
0   0   0   1   0   0   0   0   
0   0   0   0   0   1   0   0   
0   0   0   0   0   0   0   1   
0   0   1   0   0   0   0   0   
1   0   0   0   0   0   0   0   
0   0   0   0   0   0   1   0   
0   0   0   0   1   0   0   0   

Board number : 6
0   1   0   0   0   0   0   0   
0   0   0   0   1   0   0   0   
0   0   0   0   0   0   1   0   
1   0   0   0   0   0   0   0   
0   0   1   0   0   0   0   0   
0   0   0   0   0   0   0   1   
0   0   0   0   0   1   0   0   
0   0   0   1   0   0   0   0   

Board number : 7
0   1   0   0   0   0   0   0   
0   0   0   0   1   0   0   0   
0   0   0   0   0   0   1   0   
0   0   0   1   0   0   0   0   
1   0   0   0   0   0   0   0   
0   0   0   0   0   0   0   1   
0   0   0   0   0   1   0   0   
0   0   1   0   0   0   0   0   

Board number : 8
0   1   0   0   0   0   0   0   
0   0   0   0   0   1   0   0   
1   0   0   0   0   0   0   0   
0   0   0   0   0   0   1   0   
0   0   0   1   0   0   0   0   
0   0   0   0   0   0   0   1   
0   0   1   0   0   0   0   0   
0   0   0   0   1   0   0   0   

Board number : 9
0   1   0   0   0   0   0   0   
0   0   0   0   0   1   0   0   
0   0   0   0   0   0   0   1   
0   0   1   0   0   0   0   0   
1   0   0   0   0   0   0   0   
0   0   0   1   0   0   0   0   
0   0   0   0   0   0   1   0   
0   0   0   0   1   0   0   0   

Board number : 10
0   1   0   0   0   0   0   0   
0   0   0   0   0   0   1   0   
0   0   1   0   0   0   0   0   
0   0   0   0   0   1   0   0   
0   0   0   0   0   0   0   1   
0   0   0   0   1   0   0   0   
1   0   0   0   0   0   0   0   
0   0   0   1   0   0   0   0   

Board number : 11
0   1   0   0   0   0   0   0   
0   0   0   0   0   0   1   0   
0   0   0   0   1   0   0   0   
0   0   0   0   0   0   0   1   
1   0   0   0   0   0   0   0   
0   0   0   1   0   0   0   0   
0   0   0   0   0   1   0   0   
0   0   1   0   0   0   0   0   

Board number : 12
0   1   0   0   0   0   0   0   
0   0   0   0   0   0   0   1   
0   0   0   0   0   1   0   0   
1   0   0   0   0   0   0   0   
0   0   1   0   0   0   0   0   
0   0   0   0   1   0   0   0   
0   0   0   0   0   0   1   0   
0   0   0   1   0   0   0   0   

Board number : 13
0   0   1   0   0   0   0   0   
1   0   0   0   0   0   0   0   
0   0   0   0   0   0   1   0   
0   0   0   0   1   0   0   0   
0   0   0   0   0   0   0   1   
0   1   0   0   0   0   0   0   
0   0   0   1   0   0   0   0   
0   0   0   0   0   1   0   0   

Board number : 14
0   0   1   0   0   0   0   0   
0   0   0   0   1   0   0   0   
0   1   0   0   0   0   0   0   
0   0   0   0   0   0   0   1   
1   0   0   0   0   0   0   0   
0   0   0   0   0   0   1   0   
0   0   0   1   0   0   0   0   
0   0   0   0   0   1   0   0   

Board number : 15
0   0   1   0   0   0   0   0   
0   0   0   0   1   0   0   0   
0   1   0   0   0   0   0   0   
0   0   0   0   0   0   0   1   
0   0   0   0   0   1   0   0   
0   0   0   1   0   0   0   0   
0   0   0   0   0   0   1   0   
1   0   0   0   0   0   0   0   

Board number : 16
0   0   1   0   0   0   0   0   
0   0   0   0   1   0   0   0   
0   0   0   0   0   0   1   0   
1   0   0   0   0   0   0   0   
0   0   0   1   0   0   0   0   
0   1   0   0   0   0   0   0   
0   0   0   0   0   0   0   1   
0   0   0   0   0   1   0   0   

Board number : 17
0   0   1   0   0   0   0   0   
0   0   0   0   1   0   0   0   
0   0   0   0   0   0   0   1   
0   0   0   1   0   0   0   0   
1   0   0   0   0   0   0   0   
0   0   0   0   0   0   1   0   
0   1   0   0   0   0   0   0   
0   0   0   0   0   1   0   0   

Board number : 18
0   0   1   0   0   0   0   0   
0   0   0   0   0   1   0   0   
0   1   0   0   0   0   0   0   
0   0   0   0   1   0   0   0   
0   0   0   0   0   0   0   1   
1   0   0   0   0   0   0   0   
0   0   0   0   0   0   1   0   
0   0   0   1   0   0   0   0   

Board number : 19
0   0   1   0   0   0   0   0   
0   0   0   0   0   1   0   0   
0   1   0   0   0   0   0   0   
0   0   0   0   0   0   1   0   
1   0   0   0   0   0   0   0   
0   0   0   1   0   0   0   0   
0   0   0   0   0   0   0   1   
0   0   0   0   1   0   0   0   

Board number : 20
0   0   1   0   0   0   0   0   
0   0   0   0   0   1   0   0   
0   1   0   0   0   0   0   0   
0   0   0   0   0   0   1   0   
0   0   0   0   1   0   0   0   
1   0   0   0   0   0   0   0   
0   0   0   0   0   0   0   1   
0   0   0   1   0   0   0   0   

Board number : 21
0   0   1   0   0   0   0   0   
0   0   0   0   0   1   0   0   
0   0   0   1   0   0   0   0   
1   0   0   0   0   0   0   0   
0   0   0   0   0   0   0   1   
0   0   0   0   1   0   0   0   
0   0   0   0   0   0   1   0   
0   1   0   0   0   0   0   0   

Board number : 22
0   0   1   0   0   0   0   0   
0   0   0   0   0   1   0   0   
0   0   0   1   0   0   0   0   
0   1   0   0   0   0   0   0   
0   0   0   0   0   0   0   1   
0   0   0   0   1   0   0   0   
0   0   0   0   0   0   1   0   
1   0   0   0   0   0   0   0   

Board number : 23
0   0   1   0   0   0   0   0   
0   0   0   0   0   1   0   0   
0   0   0   0   0   0   0   1   
1   0   0   0   0   0   0   0   
0   0   0   1   0   0   0   0   
0   0   0   0   0   0   1   0   
0   0   0   0   1   0   0   0   
0   1   0   0   0   0   0   0   

Board number : 24
0   0   1   0   0   0   0   0   
0   0   0   0   0   1   0   0   
0   0   0   0   0   0   0   1   
1   0   0   0   0   0   0   0   
0   0   0   0   1   0   0   0   
0   0   0   0   0   0   1   0   
0   1   0   0   0   0   0   0   
0   0   0   1   0   0   0   0   

Board number : 25
0   0   1   0   0   0   0   0   
0   0   0   0   0   1   0   0   
0   0   0   0   0   0   0   1   
0   1   0   0   0   0   0   0   
0   0   0   1   0   0   0   0   
1   0   0   0   0   0   0   0   
0   0   0   0   0   0   1   0   
0   0   0   0   1   0   0   0   

Board number : 26
0   0   1   0   0   0   0   0   
0   0   0   0   0   0   1   0   
0   1   0   0   0   0   0   0   
0   0   0   0   0   0   0   1   
0   0   0   0   1   0   0   0   
1   0   0   0   0   0   0   0   
0   0   0   1   0   0   0   0   
0   0   0   0   0   1   0   0   

Board number : 27
0   0   1   0   0   0   0   0   
0   0   0   0   0   0   1   0   
0   1   0   0   0   0   0   0   
0   0   0   0   0   0   0   1   
0   0   0   0   0   1   0   0   
0   0   0   1   0   0   0   0   
1   0   0   0   0   0   0   0   
0   0   0   0   1   0   0   0   

Board number : 28
0   0   1   0   0   0   0   0   
0   0   0   0   0   0   0   1   
0   0   0   1   0   0   0   0   
0   0   0   0   0   0   1   0   
1   0   0   0   0   0   0   0   
0   0   0   0   0   1   0   0   
0   1   0   0   0   0   0   0   
0   0   0   0   1   0   0   0   

Board number : 29
0   0   0   1   0   0   0   0   
1   0   0   0   0   0   0   0   
0   0   0   0   1   0   0   0   
0   0   0   0   0   0   0   1   
0   1   0   0   0   0   0   0   
0   0   0   0   0   0   1   0   
0   0   1   0   0   0   0   0   
0   0   0   0   0   1   0   0   

Board number : 30
0   0   0   1   0   0   0   0   
1   0   0   0   0   0   0   0   
0   0   0   0   1   0   0   0   
0   0   0   0   0   0   0   1   
0   0   0   0   0   1   0   0   
0   0   1   0   0   0   0   0   
0   0   0   0   0   0   1   0   
0   1   0   0   0   0   0   0   

Board number : 31
0   0   0   1   0   0   0   0   
0   1   0   0   0   0   0   0   
0   0   0   0   1   0   0   0   
0   0   0   0   0   0   0   1   
0   0   0   0   0   1   0   0   
1   0   0   0   0   0   0   0   
0   0   1   0   0   0   0   0   
0   0   0   0   0   0   1   0   

Board number : 32
0   0   0   1   0   0   0   0   
0   1   0   0   0   0   0   0   
0   0   0   0   0   0   1   0   
0   0   1   0   0   0   0   0   
0   0   0   0   0   1   0   0   
0   0   0   0   0   0   0   1   
1   0   0   0   0   0   0   0   
0   0   0   0   1   0   0   0   

Board number : 33
0   0   0   1   0   0   0   0   
0   1   0   0   0   0   0   0   
0   0   0   0   0   0   1   0   
0   0   1   0   0   0   0   0   
0   0   0   0   0   1   0   0   
0   0   0   0   0   0   0   1   
0   0   0   0   1   0   0   0   
1   0   0   0   0   0   0   0   

Board number : 34
0   0   0   1   0   0   0   0   
0   1   0   0   0   0   0   0   
0   0   0   0   0   0   1   0   
0   0   0   0   1   0   0   0   
1   0   0   0   0   0   0   0   
0   0   0   0   0   0   0   1   
0   0   0   0   0   1   0   0   
0   0   1   0   0   0   0   0   

Board number : 35
0   0   0   1   0   0   0   0   
0   1   0   0   0   0   0   0   
0   0   0   0   0   0   0   1   
0   0   0   0   1   0   0   0   
0   0   0   0   0   0   1   0   
1   0   0   0   0   0   0   0   
0   0   1   0   0   0   0   0   
0   0   0   0   0   1   0   0   

Board number : 36
0   0   0   1   0   0   0   0   
0   1   0   0   0   0   0   0   
0   0   0   0   0   0   0   1   
0   0   0   0   0   1   0   0   
1   0   0   0   0   0   0   0   
0   0   1   0   0   0   0   0   
0   0   0   0   1   0   0   0   
0   0   0   0   0   0   1   0   

Board number : 37
0   0   0   1   0   0   0   0   
0   0   0   0   0   1   0   0   
1   0   0   0   0   0   0   0   
0   0   0   0   1   0   0   0   
0   1   0   0   0   0   0   0   
0   0   0   0   0   0   0   1   
0   0   1   0   0   0   0   0   
0   0   0   0   0   0   1   0   

Board number : 38
0   0   0   1   0   0   0   0   
0   0   0   0   0   1   0   0   
0   0   0   0   0   0   0   1   
0   1   0   0   0   0   0   0   
0   0   0   0   0   0   1   0   
1   0   0   0   0   0   0   0   
0   0   1   0   0   0   0   0   
0   0   0   0   1   0   0   0   

Board number : 39
0   0   0   1   0   0   0   0   
0   0   0   0   0   1   0   0   
0   0   0   0   0   0   0   1   
0   0   1   0   0   0   0   0   
1   0   0   0   0   0   0   0   
0   0   0   0   0   0   1   0   
0   0   0   0   1   0   0   0   
0   1   0   0   0   0   0   0   

Board number : 40
0   0   0   1   0   0   0   0   
0   0   0   0   0   0   1   0   
1   0   0   0   0   0   0   0   
0   0   0   0   0   0   0   1   
0   0   0   0   1   0   0   0   
0   1   0   0   0   0   0   0   
0   0   0   0   0   1   0   0   
0   0   1   0   0   0   0   0   

Board number : 41
0   0   0   1   0   0   0   0   
0   0   0   0   0   0   1   0   
0   0   1   0   0   0   0   0   
0   0   0   0   0   0   0   1   
0   1   0   0   0   0   0   0   
0   0   0   0   1   0   0   0   
1   0   0   0   0   0   0   0   
0   0   0   0   0   1   0   0   

Board number : 42
0   0   0   1   0   0   0   0   
0   0   0   0   0   0   1   0   
0   0   0   0   1   0   0   0   
0   1   0   0   0   0   0   0   
0   0   0   0   0   1   0   0   
1   0   0   0   0   0   0   0   
0   0   1   0   0   0   0   0   
0   0   0   0   0   0   0   1   

Board number : 43
0   0   0   1   0   0   0   0   
0   0   0   0   0   0   1   0   
0   0   0   0   1   0   0   0   
0   0   1   0   0   0   0   0   
1   0   0   0   0   0   0   0   
0   0   0   0   0   1   0   0   
0   0   0   0   0   0   0   1   
0   1   0   0   0   0   0   0   

Board number : 44
0   0   0   1   0   0   0   0   
0   0   0   0   0   0   0   1   
1   0   0   0   0   0   0   0   
0   0   1   0   0   0   0   0   
0   0   0   0   0   1   0   0   
0   1   0   0   0   0   0   0   
0   0   0   0   0   0   1   0   
0   0   0   0   1   0   0   0   

Board number : 45
0   0   0   1   0   0   0   0   
0   0   0   0   0   0   0   1   
1   0   0   0   0   0   0   0   
0   0   0   0   1   0   0   0   
0   0   0   0   0   0   1   0   
0   1   0   0   0   0   0   0   
0   0   0   0   0   1   0   0   
0   0   1   0   0   0   0   0   

Board number : 46
0   0   0   1   0   0   0   0   
0   0   0   0   0   0   0   1   
0   0   0   0   1   0   0   0   
0   0   1   0   0   0   0   0   
1   0   0   0   0   0   0   0   
0   0   0   0   0   0   1   0   
0   1   0   0   0   0   0   0   
0   0   0   0   0   1   0   0   

Board number : 47
0   0   0   0   1   0   0   0   
1   0   0   0   0   0   0   0   
0   0   0   1   0   0   0   0   
0   0   0   0   0   1   0   0   
0   0   0   0   0   0   0   1   
0   1   0   0   0   0   0   0   
0   0   0   0   0   0   1   0   
0   0   1   0   0   0   0   0   

Board number : 48
0   0   0   0   1   0   0   0   
1   0   0   0   0   0   0   0   
0   0   0   0   0   0   0   1   
0   0   0   1   0   0   0   0   
0   1   0   0   0   0   0   0   
0   0   0   0   0   0   1   0   
0   0   1   0   0   0   0   0   
0   0   0   0   0   1   0   0   

Board number : 49
0   0   0   0   1   0   0   0   
1   0   0   0   0   0   0   0   
0   0   0   0   0   0   0   1   
0   0   0   0   0   1   0   0   
0   0   1   0   0   0   0   0   
0   0   0   0   0   0   1   0   
0   1   0   0   0   0   0   0   
0   0   0   1   0   0   0   0   

Board number : 50
0   0   0   0   1   0   0   0   
0   1   0   0   0   0   0   0   
0   0   0   1   0   0   0   0   
0   0   0   0   0   1   0   0   
0   0   0   0   0   0   0   1   
0   0   1   0   0   0   0   0   
1   0   0   0   0   0   0   0   
0   0   0   0   0   0   1   0   

Board number : 51
0   0   0   0   1   0   0   0   
0   1   0   0   0   0   0   0   
0   0   0   1   0   0   0   0   
0   0   0   0   0   0   1   0   
0   0   1   0   0   0   0   0   
0   0   0   0   0   0   0   1   
0   0   0   0   0   1   0   0   
1   0   0   0   0   0   0   0   

Board number : 52
0   0   0   0   1   0   0   0   
0   1   0   0   0   0   0   0   
0   0   0   0   0   1   0   0   
1   0   0   0   0   0   0   0   
0   0   0   0   0   0   1   0   
0   0   0   1   0   0   0   0   
0   0   0   0   0   0   0   1   
0   0   1   0   0   0   0   0   

Board number : 53
0   0   0   0   1   0   0   0   
0   1   0   0   0   0   0   0   
0   0   0   0   0   0   0   1   
1   0   0   0   0   0   0   0   
0   0   0   1   0   0   0   0   
0   0   0   0   0   0   1   0   
0   0   1   0   0   0   0   0   
0   0   0   0   0   1   0   0   

Board number : 54
0   0   0   0   1   0   0   0   
0   0   1   0   0   0   0   0   
1   0   0   0   0   0   0   0   
0   0   0   0   0   1   0   0   
0   0   0   0   0   0   0   1   
0   1   0   0   0   0   0   0   
0   0   0   1   0   0   0   0   
0   0   0   0   0   0   1   0   

Board number : 55
0   0   0   0   1   0   0   0   
0   0   1   0   0   0   0   0   
1   0   0   0   0   0   0   0   
0   0   0   0   0   0   1   0   
0   1   0   0   0   0   0   0   
0   0   0   0   0   0   0   1   
0   0   0   0   0   1   0   0   
0   0   0   1   0   0   0   0   

Board number : 56
0   0   0   0   1   0   0   0   
0   0   1   0   0   0   0   0   
0   0   0   0   0   0   0   1   
0   0   0   1   0   0   0   0   
0   0   0   0   0   0   1   0   
1   0   0   0   0   0   0   0   
0   0   0   0   0   1   0   0   
0   1   0   0   0   0   0   0   

Board number : 57
0   0   0   0   1   0   0   0   
0   0   0   0   0   0   1   0   
1   0   0   0   0   0   0   0   
0   0   1   0   0   0   0   0   
0   0   0   0   0   0   0   1   
0   0   0   0   0   1   0   0   
0   0   0   1   0   0   0   0   
0   1   0   0   0   0   0   0   

Board number : 58
0   0   0   0   1   0   0   0   
0   0   0   0   0   0   1   0   
1   0   0   0   0   0   0   0   
0   0   0   1   0   0   0   0   
0   1   0   0   0   0   0   0   
0   0   0   0   0   0   0   1   
0   0   0   0   0   1   0   0   
0   0   1   0   0   0   0   0   

Board number : 59
0   0   0   0   1   0   0   0   
0   0   0   0   0   0   1   0   
0   1   0   0   0   0   0   0   
0   0   0   1   0   0   0   0   
0   0   0   0   0   0   0   1   
1   0   0   0   0   0   0   0   
0   0   1   0   0   0   0   0   
0   0   0   0   0   1   0   0   

Board number : 60
0   0   0   0   1   0   0   0   
0   0   0   0   0   0   1   0   
0   1   0   0   0   0   0   0   
0   0   0   0   0   1   0   0   
0   0   1   0   0   0   0   0   
1   0   0   0   0   0   0   0   
0   0   0   1   0   0   0   0   
0   0   0   0   0   0   0   1   

Board number : 61
0   0   0   0   1   0   0   0   
0   0   0   0   0   0   1   0   
0   1   0   0   0   0   0   0   
0   0   0   0   0   1   0   0   
0   0   1   0   0   0   0   0   
1   0   0   0   0   0   0   0   
0   0   0   0   0   0   0   1   
0   0   0   1   0   0   0   0   

Board number : 62
0   0   0   0   1   0   0   0   
0   0   0   0   0   0   1   0   
0   0   0   1   0   0   0   0   
1   0   0   0   0   0   0   0   
0   0   1   0   0   0   0   0   
0   0   0   0   0   0   0   1   
0   0   0   0   0   1   0   0   
0   1   0   0   0   0   0   0   

Board number : 63
0   0   0   0   1   0   0   0   
0   0   0   0   0   0   0   1   
0   0   0   1   0   0   0   0   
1   0   0   0   0   0   0   0   
0   0   1   0   0   0   0   0   
0   0   0   0   0   1   0   0   
0   1   0   0   0   0   0   0   
0   0   0   0   0   0   1   0   

Board number : 64
0   0   0   0   1   0   0   0   
0   0   0   0   0   0   0   1   
0   0   0   1   0   0   0   0   
1   0   0   0   0   0   0   0   
0   0   0   0   0   0   1   0   
0   1   0   0   0   0   0   0   
0   0   0   0   0   1   0   0   
0   0   1   0   0   0   0   0   

Board number : 65
0   0   0   0   0   1   0   0   
1   0   0   0   0   0   0   0   
0   0   0   0   1   0   0   0   
0   1   0   0   0   0   0   0   
0   0   0   0   0   0   0   1   
0   0   1   0   0   0   0   0   
0   0   0   0   0   0   1   0   
0   0   0   1   0   0   0   0   

Board number : 66
0   0   0   0   0   1   0   0   
0   1   0   0   0   0   0   0   
0   0   0   0   0   0   1   0   
1   0   0   0   0   0   0   0   
0   0   1   0   0   0   0   0   
0   0   0   0   1   0   0   0   
0   0   0   0   0   0   0   1   
0   0   0   1   0   0   0   0   

Board number : 67
0   0   0   0   0   1   0   0   
0   1   0   0   0   0   0   0   
0   0   0   0   0   0   1   0   
1   0   0   0   0   0   0   0   
0   0   0   1   0   0   0   0   
0   0   0   0   0   0   0   1   
0   0   0   0   1   0   0   0   
0   0   1   0   0   0   0   0   

Board number : 68
0   0   0   0   0   1   0   0   
0   0   1   0   0   0   0   0   
1   0   0   0   0   0   0   0   
0   0   0   0   0   0   1   0   
0   0   0   0   1   0   0   0   
0   0   0   0   0   0   0   1   
0   1   0   0   0   0   0   0   
0   0   0   1   0   0   0   0   

Board number : 69
0   0   0   0   0   1   0   0   
0   0   1   0   0   0   0   0   
1   0   0   0   0   0   0   0   
0   0   0   0   0   0   0   1   
0   0   0   1   0   0   0   0   
0   1   0   0   0   0   0   0   
0   0   0   0   0   0   1   0   
0   0   0   0   1   0   0   0   

Board number : 70
0   0   0   0   0   1   0   0   
0   0   1   0   0   0   0   0   
1   0   0   0   0   0   0   0   
0   0   0   0   0   0   0   1   
0   0   0   0   1   0   0   0   
0   1   0   0   0   0   0   0   
0   0   0   1   0   0   0   0   
0   0   0   0   0   0   1   0   

Board number : 71
0   0   0   0   0   1   0   0   
0   0   1   0   0   0   0   0   
0   0   0   0   1   0   0   0   
0   0   0   0   0   0   1   0   
1   0   0   0   0   0   0   0   
0   0   0   1   0   0   0   0   
0   1   0   0   0   0   0   0   
0   0   0   0   0   0   0   1   

Board number : 72
0   0   0   0   0   1   0   0   
0   0   1   0   0   0   0   0   
0   0   0   0   1   0   0   0   
0   0   0   0   0   0   0   1   
1   0   0   0   0   0   0   0   
0   0   0   1   0   0   0   0   
0   1   0   0   0   0   0   0   
0   0   0   0   0   0   1   0   

Board number : 73
0   0   0   0   0   1   0   0   
0   0   1   0   0   0   0   0   
0   0   0   0   0   0   1   0   
0   1   0   0   0   0   0   0   
0   0   0   1   0   0   0   0   
0   0   0   0   0   0   0   1   
1   0   0   0   0   0   0   0   
0   0   0   0   1   0   0   0   

Board number : 74
0   0   0   0   0   1   0   0   
0   0   1   0   0   0   0   0   
0   0   0   0   0   0   1   0   
0   1   0   0   0   0   0   0   
0   0   0   0   0   0   0   1   
0   0   0   0   1   0   0   0   
1   0   0   0   0   0   0   0   
0   0   0   1   0   0   0   0   

Board number : 75
0   0   0   0   0   1   0   0   
0   0   1   0   0   0   0   0   
0   0   0   0   0   0   1   0   
0   0   0   1   0   0   0   0   
1   0   0   0   0   0   0   0   
0   0   0   0   0   0   0   1   
0   1   0   0   0   0   0   0   
0   0   0   0   1   0   0   0   

Board number : 76
0   0   0   0   0   1   0   0   
0   0   0   1   0   0   0   0   
1   0   0   0   0   0   0   0   
0   0   0   0   1   0   0   0   
0   0   0   0   0   0   0   1   
0   1   0   0   0   0   0   0   
0   0   0   0   0   0   1   0   
0   0   1   0   0   0   0   0   

Board number : 77
0   0   0   0   0   1   0   0   
0   0   0   1   0   0   0   0   
0   1   0   0   0   0   0   0   
0   0   0   0   0   0   0   1   
0   0   0   0   1   0   0   0   
0   0   0   0   0   0   1   0   
1   0   0   0   0   0   0   0   
0   0   1   0   0   0   0   0   

Board number : 78
0   0   0   0   0   1   0   0   
0   0   0   1   0   0   0   0   
0   0   0   0   0   0   1   0   
1   0   0   0   0   0   0   0   
0   0   1   0   0   0   0   0   
0   0   0   0   1   0   0   0   
0   1   0   0   0   0   0   0   
0   0   0   0   0   0   0   1   

Board number : 79
0   0   0   0   0   1   0   0   
0   0   0   1   0   0   0   0   
0   0   0   0   0   0   1   0   
1   0   0   0   0   0   0   0   
0   0   0   0   0   0   0   1   
0   1   0   0   0   0   0   0   
0   0   0   0   1   0   0   0   
0   0   1   0   0   0   0   0   

Board number : 80
0   0   0   0   0   1   0   0   
0   0   0   0   0   0   0   1   
0   1   0   0   0   0   0   0   
0   0   0   1   0   0   0   0   
1   0   0   0   0   0   0   0   
0   0   0   0   0   0   1   0   
0   0   0   0   1   0   0   0   
0   0   1   0   0   0   0   0   

Board number : 81
0   0   0   0   0   0   1   0   
1   0   0   0   0   0   0   0   
0   0   1   0   0   0   0   0   
0   0   0   0   0   0   0   1   
0   0   0   0   0   1   0   0   
0   0   0   1   0   0   0   0   
0   1   0   0   0   0   0   0   
0   0   0   0   1   0   0   0   

Board number : 82
0   0   0   0   0   0   1   0   
0   1   0   0   0   0   0   0   
0   0   0   1   0   0   0   0   
1   0   0   0   0   0   0   0   
0   0   0   0   0   0   0   1   
0   0   0   0   1   0   0   0   
0   0   1   0   0   0   0   0   
0   0   0   0   0   1   0   0   

Board number : 83
0   0   0   0   0   0   1   0   
0   1   0   0   0   0   0   0   
0   0   0   0   0   1   0   0   
0   0   1   0   0   0   0   0   
1   0   0   0   0   0   0   0   
0   0   0   1   0   0   0   0   
0   0   0   0   0   0   0   1   
0   0   0   0   1   0   0   0   

Board number : 84
0   0   0   0   0   0   1   0   
0   0   1   0   0   0   0   0   
1   0   0   0   0   0   0   0   
0   0   0   0   0   1   0   0   
0   0   0   0   0   0   0   1   
0   0   0   0   1   0   0   0   
0   1   0   0   0   0   0   0   
0   0   0   1   0   0   0   0   

Board number : 85
0   0   0   0   0   0   1   0   
0   0   1   0   0   0   0   0   
0   0   0   0   0   0   0   1   
0   1   0   0   0   0   0   0   
0   0   0   0   1   0   0   0   
1   0   0   0   0   0   0   0   
0   0   0   0   0   1   0   0   
0   0   0   1   0   0   0   0   

Board number : 86
0   0   0   0   0   0   1   0   
0   0   0   1   0   0   0   0   
0   1   0   0   0   0   0   0   
0   0   0   0   1   0   0   0   
0   0   0   0   0   0   0   1   
1   0   0   0   0   0   0   0   
0   0   1   0   0   0   0   0   
0   0   0   0   0   1   0   0   

Board number : 87
0   0   0   0   0   0   1   0   
0   0   0   1   0   0   0   0   
0   1   0   0   0   0   0   0   
0   0   0   0   0   0   0   1   
0   0   0   0   0   1   0   0   
1   0   0   0   0   0   0   0   
0   0   1   0   0   0   0   0   
0   0   0   0   1   0   0   0   

Board number : 88
0   0   0   0   0   0   1   0   
0   0   0   0   1   0   0   0   
0   0   1   0   0   0   0   0   
1   0   0   0   0   0   0   0   
0   0   0   0   0   1   0   0   
0   0   0   0   0   0   0   1   
0   1   0   0   0   0   0   0   
0   0   0   1   0   0   0   0   

Board number : 89
0   0   0   0   0   0   0   1   
0   1   0   0   0   0   0   0   
0   0   0   1   0   0   0   0   
1   0   0   0   0   0   0   0   
0   0   0   0   0   0   1   0   
0   0   0   0   1   0   0   0   
0   0   1   0   0   0   0   0   
0   0   0   0   0   1   0   0   

Board number : 90
0   0   0   0   0   0   0   1   
0   1   0   0   0   0   0   0   
0   0   0   0   1   0   0   0   
0   0   1   0   0   0   0   0   
1   0   0   0   0   0   0   0   
0   0   0   0   0   0   1   0   
0   0   0   1   0   0   0   0   
0   0   0   0   0   1   0   0   

Board number : 91
0   0   0   0   0   0   0   1   
0   0   1   0   0   0   0   0   
1   0   0   0   0   0   0   0   
0   0   0   0   0   1   0   0   
0   1   0   0   0   0   0   0   
0   0   0   0   1   0   0   0   
0   0   0   0   0   0   1   0   
0   0   0   1   0   0   0   0   

Board number : 92
0   0   0   0   0   0   0   1   
0   0   0   1   0   0   0   0   
1   0   0   0   0   0   0   0   
0   0   1   0   0   0   0   0   
0   0   0   0   0   1   0   0   
0   1   0   0   0   0   0   0   
0   0   0   0   0   0   1   0   
0   0   0   0   1   0   0   0   

Total number of possibilities : 92